60
81 39 6 9 58 54 62 42 30 97 54 94 35 82 81 1 41 70 34 27 50 92 47 89 8 4 61 83 52 20 15 99 60 21 74 84 41 35 93 72 98 46 31 33 94 11 34 0 47 34 27 64 26 74 18 0 44 79 83 96 
0 60 0 0 75 34 63 79 0 38 0 0 19 0 83 4 0 49 5 0 2 0 53 77 0 0 0 2 1 0 74 65 28 0 86 0 0 0 86 0 63 0 64 65 0 0 50 0 0 0 70 63 0 0 61 0 0 0 0 
0 0 0 0 96 0 0 0 20 0 0 23 0 60 11 0 74 64 0 87 68 58 0 0 0 0 95 100 28 94 77 50 0 61 4 92 28 0 84 0 7 10 0 0 80 0 87 0 0 0 81 3 0 0 46 0 0 0 
0 16 9 0 16 44 19 81 14 0 19 0 0 54 0 30 95 59 93 0 29 0 0 0 0 0 0 0 3 0 84 0 0 37 69 7 0 0 11 0 9 11 0 0 66 46 0 90 0 0 0 0 0 82 0 0 12 
0 0 0 65 0 0 16 0 0 0 0 38 0 0 66 0 57 0 32 0 10 0 0 0 0 0 0 0 25 57 0 92 69 17 0 0 0 89 0 77 0 0 0 0 0 0 64 0 48 7 0 64 0 56 0 0 
0 37 0 0 0 92 98 0 0 0 0 0 82 36 0 44 31 48 96 47 0 50 84 2 8 0 0 31 3 0 86 73 79 83 57 63 70 100 25 1 14 96 100 11 0 0 0 0 39 16 33 25 95 0 0 
0 0 14 0 0 0 67 72 0 18 0 68 43 5 0 0 0 0 0 0 0 0 90 99 54 0 36 13 1 51 0 0 0 0 25 88 75 77 23 0 92 6 0 26 0 63 69 0 62 27 0 81 14 0 
99 92 0 100 0 0 0 0 55 37 0 0 0 17 0 0 79 0 0 79 96 58 0 0 6 65 0 77 0 31 100 6 0 24 25 0 0 0 0 55 0 48 0 99 0 0 0 0 0 0 0 0 16 
25 0 0 0 0 28 48 77 0 98 0 0 0 25 0 31 0 0 35 68 0 38 0 0 53 82 24 49 38 30 7 76 16 0 20 39 0 0 49 0 68 58 0 5 89 16 39 86 4 0 0 0 
0 0 96 0 84 9 48 66 0 52 0 20 0 2 0 0 0 0 0 39 39 0 37 75 0 0 49 13 0 34 0 0 28 0 0 0 20 0 66 65 33 0 81 94 0 18 96 0 0 0 0 
8 85 97 13 0 79 96 85 3 0 50 0 71 0 0 0 37 0 0 0 40 0 42 0 56 11 11 0 0 39 84 25 100 84 0 18 73 31 56 0 98 0 19 55 0 28 65 100 0 0 
0 0 53 0 0 0 0 42 78 31 0 0 0 8 0 0 0 38 0 2 58 0 0 42 0 16 4 96 0 0 14 84 0 0 18 0 0 0 34 83 0 6 38 94 56 86 0 81 0 
0 0 0 36 28 0 18 63 26 0 95 31 30 40 8 53 69 0 72 0 23 0 52 73 10 0 2 0 98 100 0 52 0 26 75 0 0 0 0 0 0 28 52 100 0 0 26 0 
94 76 29 42 0 65 34 0 0 0 0 39 0 54 47 0 0 0 97 0 0 0 14 82 51 68 34 0 33 67 8 0 9 5 0 9 39 42 0 0 26 0 93 36 2 0 0 
0 29 0 38 94 88 36 0 89 0 0 15 0 8 0 67 67 99 0 0 3 77 0 72 0 59 69 35 61 0 0 18 0 27 0 0 5 0 0 61 0 0 51 0 23 0 
48 28 0 51 51 0 69 90 0 72 0 13 95 0 0 0 30 0 53 69 96 0 0 48 0 0 76 62 47 2 0 82 95 0 0 2 0 11 0 47 0 0 0 58 49 
79 71 0 15 0 0 94 75 97 84 0 0 0 0 0 0 84 0 0 37 0 82 0 24 1 33 96 57 10 25 0 0 87 26 0 77 56 0 62 0 69 0 0 0 
0 0 0 26 0 69 22 97 0 0 44 0 8 0 64 13 0 52 0 81 7 73 0 0 0 6 60 0 0 0 35 50 0 0 26 0 39 0 0 30 3 54 0 
65 0 0 0 17 0 2 0 0 0 0 0 0 0 0 0 80 0 41 54 0 0 0 0 54 99 41 66 49 58 0 0 0 78 22 0 0 14 43 0 98 30 
0 0 0 14 0 0 65 86 0 0 70 9 28 0 47 5 0 0 18 0 0 12 32 13 10 62 0 0 0 0 29 15 0 0 0 0 0 39 0 51 60 
0 0 0 30 0 0 98 4 53 72 0 0 25 0 59 78 100 14 0 15 0 0 90 63 100 0 0 0 0 0 0 0 0 83 83 97 25 0 22 100 
90 0 72 0 0 0 26 69 9 80 81 61 0 0 43 83 0 0 54 12 0 0 85 50 0 0 60 92 0 38 0 0 0 0 0 9 0 0 35 
14 0 93 83 0 61 96 66 0 24 79 15 0 67 3 0 0 0 74 81 88 0 37 38 73 69 0 52 0 97 26 0 0 42 0 81 1 51 
0 4 40 70 72 11 47 58 44 64 0 80 0 66 0 0 0 0 0 14 55 0 62 0 0 14 39 0 98 0 0 99 0 44 68 27 0 
0 38 0 0 0 43 76 45 0 68 0 0 78 0 96 21 32 18 11 52 0 11 14 0 47 0 92 0 25 0 0 0 100 97 0 28 
0 0 82 0 0 55 0 0 0 0 82 0 0 33 0 0 0 0 90 0 0 96 0 0 0 27 2 0 57 25 0 4 0 51 0 
92 15 88 83 0 79 55 61 0 75 9 0 0 0 67 36 86 0 0 10 0 94 0 77 22 75 0 1 84 0 0 48 48 0 
6 90 0 0 0 10 31 0 29 3 34 0 0 46 0 88 0 36 0 82 85 16 0 0 0 39 43 0 38 0 56 0 82 
0 0 17 94 0 71 48 43 48 5 98 2 0 0 0 0 75 66 0 10 0 0 0 0 0 0 0 68 0 10 23 7 
59 30 71 76 0 41 0 55 0 0 49 0 24 86 63 68 0 0 72 89 0 20 0 96 0 0 84 58 91 0 48 
78 0 35 80 0 0 0 0 40 71 0 63 0 1 4 0 62 0 0 42 20 56 20 0 23 0 0 0 20 100 
0 0 0 84 95 0 95 68 0 0 57 96 28 0 46 62 93 0 0 22 49 0 100 80 0 0 2 0 72 
49 30 90 76 0 0 0 0 26 43 0 59 0 58 17 66 0 0 50 0 99 0 93 0 0 0 0 37 
58 38 77 0 0 0 50 79 47 5 0 23 17 0 0 0 46 7 46 0 75 0 51 0 0 61 0 
0 88 75 0 27 81 17 0 88 0 0 0 76 0 50 41 0 19 0 13 0 67 0 25 77 0 
0 0 0 41 0 70 17 0 38 0 45 94 0 98 48 9 0 35 0 0 43 66 95 0 0 
0 0 42 23 0 68 33 0 0 0 99 0 60 0 21 0 65 25 74 0 4 35 8 0 
48 0 82 0 79 60 13 41 0 0 56 0 47 0 0 0 0 0 72 42 85 0 30 
9 0 0 0 64 0 4 0 72 14 0 0 6 0 64 0 0 0 0 0 0 90 
36 0 85 0 0 0 0 52 3 0 85 24 48 90 0 0 44 68 0 23 65 
0 0 92 0 0 0 0 0 0 71 0 46 0 0 0 0 71 0 81 86 
0 9 14 0 63 0 0 0 87 0 16 0 0 89 97 85 19 70 0 
0 74 31 26 0 55 5 0 92 0 74 0 0 83 68 0 0 0 
0 0 0 0 10 19 44 0 0 0 52 78 0 96 25 0 30 
0 0 0 32 0 45 0 86 0 72 65 57 0 75 0 0 
100 45 0 85 79 0 80 67 56 0 7 16 0 47 95 
0 35 35 0 0 0 0 0 73 43 11 63 0 18 
12 0 28 0 75 0 42 0 58 40 99 79 0 
0 0 0 0 61 60 0 0 91 0 0 0 
3 0 65 0 61 0 67 41 0 0 29 
0 81 36 88 0 26 0 29 10 12 
0 0 35 0 0 0 67 0 41 
0 87 95 0 0 0 45 0 
0 32 0 42 81 50 0 
0 30 0 0 0 49 
28 0 57 0 88 
0 99 67 58 
0 0 61 
0 0 
57 

0
532
27 4 15 49 33 29 50 49 2 35 48 7 8 37 46 49 12 11 48 44 12 44 48 17 17 15 31 25 43 4 27 21 7 43 19 39 21 21 38 23 7 37 31 15 23 27 13 36 39 12 31 1 8 28 17 24 45 49 49 37 
