60
68 9 56 39 78 16 64 58 61 3 12 81 14 29 82 49 87 68 5 11 74 30 27 19 70 67 14 84 42 51 60 9 26 16 48 3 99 79 62 59 82 74 5 62 69 53 10 55 88 83 66 61 79 59 80 14 26 95 99 68 
24 0 40 0 38 68 0 0 35 76 90 0 0 0 0 50 0 65 76 0 0 53 0 0 83 64 0 0 0 0 28 80 3 23 0 0 91 72 73 16 0 36 0 0 26 59 0 0 79 0 93 28 0 17 77 61 80 0 93 
28 0 13 99 0 0 77 20 51 0 0 0 27 0 3 5 0 19 7 6 0 0 12 0 0 0 0 0 37 0 88 0 26 0 0 97 0 1 61 19 0 17 0 29 6 4 0 0 0 0 0 45 94 29 7 51 0 63 
0 48 0 65 55 20 0 0 0 21 0 22 89 52 18 32 23 0 0 0 0 0 76 0 23 0 0 46 0 29 30 0 0 62 40 73 0 83 33 20 25 64 83 0 40 21 97 5 24 0 86 20 30 0 0 67 0 
87 20 0 0 0 0 52 60 0 0 23 0 0 99 0 22 4 81 0 0 0 92 32 37 0 0 38 0 64 0 0 69 67 0 0 0 89 0 0 56 0 0 0 61 0 5 7 0 12 0 0 0 0 0 45 0 
0 90 73 0 0 0 87 87 0 0 90 18 0 44 0 76 64 22 0 0 51 0 0 96 0 53 55 0 0 0 0 0 97 25 0 0 28 0 0 84 83 50 70 0 65 0 0 25 0 7 0 35 0 48 3 
0 0 1 0 0 0 0 98 0 0 0 0 31 0 0 0 0 89 0 0 0 0 53 0 56 81 6 77 0 0 20 54 0 0 0 17 65 0 54 0 9 50 40 84 71 51 0 74 96 0 0 12 0 0 
86 0 0 48 0 84 0 0 9 0 0 0 0 0 0 0 0 80 7 85 7 26 0 8 0 0 0 0 0 0 60 0 26 14 0 0 0 90 59 57 45 0 92 94 32 0 4 61 0 0 0 53 0 
0 8 49 0 0 0 0 89 42 0 0 0 0 0 94 0 0 77 29 24 0 60 51 0 5 62 6 85 2 0 80 46 93 0 0 38 0 1 0 0 10 0 0 0 32 0 83 24 0 0 0 62 
11 27 0 27 0 88 0 3 0 0 0 0 97 76 43 0 33 0 0 37 0 48 92 0 86 43 49 76 0 46 0 14 0 23 0 0 0 0 0 0 92 0 0 5 64 9 0 0 57 14 26 
1 74 0 0 0 0 19 0 0 38 81 0 86 25 68 0 0 0 42 0 68 81 0 0 0 0 66 89 0 0 69 0 0 0 89 0 31 71 0 25 51 78 0 0 91 53 84 15 0 4 
35 0 49 92 0 42 27 0 0 2 0 0 0 36 0 55 38 86 0 0 0 0 63 17 66 0 0 0 0 60 79 31 0 0 28 22 28 67 44 0 0 1 53 20 0 0 0 0 0 
0 0 0 0 92 63 0 21 93 0 60 51 0 0 0 59 0 79 0 0 0 83 0 0 84 0 0 91 0 0 0 0 0 47 0 64 0 59 0 6 51 0 0 66 59 50 5 42 
0 51 0 53 0 0 84 0 31 0 37 0 0 0 0 87 1 75 87 0 0 0 79 46 0 43 46 88 23 0 26 0 0 63 33 95 0 0 0 0 0 20 37 53 0 0 0 
0 0 26 39 0 0 0 65 0 0 0 40 0 0 0 0 29 24 65 0 33 0 0 1 0 0 21 43 9 22 4 0 0 0 44 75 0 0 59 0 0 0 88 87 30 0 
0 16 75 0 0 0 0 10 0 0 84 0 0 39 14 40 0 27 74 0 32 72 0 13 0 10 83 57 67 0 0 0 0 5 0 12 96 0 0 0 33 83 0 0 0 
87 61 64 0 93 0 0 0 0 10 0 0 0 27 0 0 0 0 5 0 0 0 24 0 0 0 0 1 0 0 0 0 0 45 0 50 0 32 0 54 0 0 24 20 
78 95 0 83 16 0 77 0 0 0 28 56 0 89 0 8 51 0 32 70 69 0 0 79 100 50 0 99 0 93 86 0 74 0 0 76 0 0 0 44 0 0 10 
0 0 0 0 83 0 0 0 0 0 0 0 20 0 0 0 7 83 0 27 71 20 83 77 0 3 46 93 1 97 13 46 80 80 28 89 0 0 0 58 58 0 
0 4 67 61 0 0 88 33 46 0 0 51 94 22 67 90 0 0 25 0 0 0 68 70 82 80 0 0 28 77 0 9 1 0 0 47 94 0 85 0 0 
0 87 94 0 83 0 0 62 0 4 75 89 11 0 0 0 0 31 55 47 0 100 96 87 0 0 0 44 0 80 0 68 0 0 74 0 10 10 57 67 
23 0 34 66 0 13 17 0 98 0 31 0 0 0 0 52 0 29 78 20 42 59 0 0 0 18 0 2 33 39 0 79 0 92 0 14 0 0 0 
0 89 0 28 0 0 27 0 98 0 0 0 0 0 0 55 0 0 0 50 0 0 0 83 16 69 0 0 0 5 32 63 22 28 0 0 0 0 
0 0 0 0 0 0 67 0 0 27 0 0 0 29 100 0 96 18 77 31 0 32 0 0 0 0 47 31 0 19 41 0 0 0 56 0 0 
0 0 0 0 0 40 93 76 96 0 0 0 0 91 28 50 18 71 0 0 0 49 0 0 0 42 55 32 47 60 0 2 77 84 84 0 
100 27 0 82 25 0 0 0 0 58 78 46 81 92 0 0 83 53 0 0 66 84 0 65 0 0 85 0 0 0 0 73 67 0 86 
0 0 0 0 17 39 11 58 0 49 30 48 0 0 9 90 0 0 0 0 8 51 0 24 0 63 25 0 86 18 72 92 0 60 
53 76 39 65 0 0 0 20 0 0 12 0 48 43 0 0 0 80 0 0 60 22 0 27 0 40 12 48 0 0 0 0 8 
0 86 0 0 10 0 43 93 0 81 68 72 48 44 14 0 0 0 23 0 0 0 85 6 50 51 84 90 0 0 58 11 
0 80 0 70 1 0 68 0 64 0 37 7 0 16 62 0 13 0 97 71 60 0 30 0 23 14 0 0 0 0 81 
0 33 0 0 35 0 0 65 11 0 0 0 47 1 0 0 0 38 0 83 12 0 86 12 0 0 0 0 28 20 
0 0 6 39 52 0 42 0 52 63 0 0 0 0 20 0 49 89 0 0 0 28 45 0 0 85 0 0 82 
0 0 23 0 81 0 91 79 29 29 29 83 56 90 0 0 49 0 30 0 29 43 71 55 0 0 0 12 
98 70 24 38 0 0 0 56 0 0 0 85 56 0 0 44 35 0 69 0 8 79 85 71 20 0 0 
41 100 0 84 48 0 27 0 62 0 97 67 0 12 0 0 86 0 0 90 0 55 0 0 33 0 
91 0 0 70 0 0 0 41 0 20 0 0 58 0 0 90 42 14 0 0 23 89 7 0 0 
59 42 0 0 89 0 0 47 74 68 0 0 0 0 0 73 0 0 0 2 0 0 0 39 
8 0 0 32 0 87 0 60 0 56 51 43 0 26 7 0 98 0 0 83 38 0 54 
55 0 0 0 38 0 60 0 0 21 70 0 0 0 48 20 71 0 0 0 92 0 
12 0 0 0 69 9 66 0 0 30 67 52 0 0 30 0 66 4 0 0 81 
0 0 0 0 80 29 45 0 99 0 0 0 0 0 0 31 17 35 0 0 
32 0 0 0 20 0 0 37 0 49 0 0 0 4 53 17 8 0 0 
22 66 0 27 0 0 46 0 11 0 16 0 0 5 0 83 0 67 
55 0 90 31 60 0 86 84 40 0 85 0 0 0 0 0 0 
63 25 64 0 17 0 0 70 19 24 0 74 59 0 0 78 
52 0 0 79 0 70 62 100 36 72 97 24 27 27 0 
78 0 0 77 54 63 0 0 0 0 55 0 0 83 
4 95 0 0 0 0 51 0 0 0 0 0 44 
71 42 100 0 55 24 6 0 11 54 0 76 
0 0 0 0 0 99 83 0 0 0 53 
0 29 1 73 0 46 53 36 47 0 
88 0 0 54 99 0 9 0 0 
42 57 54 0 0 34 0 0 
0 62 0 40 0 77 2 
0 0 67 0 0 0 
0 0 95 55 0 
0 58 92 72 
44 80 0 
85 0 
0 

0
1063
31 18 49 36 45 17 1 8 28 24 7 50 43 8 16 23 44 29 26 28 17 42 40 8 6 11 23 10 23 15 15 4 34 13 39 31 31 41 38 8 17 44 9 11 3 27 35 48 7 10 25 23 4 16 31 9 27 5 20 49 
