60
2 57 74 79 25 4 28 56 13 28 52 99 71 7 14 5 74 77 22 39 44 70 6 11 93 92 23 74 56 98 39 59 21 80 3 12 84 98 68 64 92 86 62 63 59 43 34 33 19 56 38 30 93 44 41 85 35 30 25 57 
0 0 0 0 51 0 0 61 6 85 72 70 13 0 9 0 0 69 0 60 73 58 33 0 93 41 0 0 66 0 60 0 0 0 0 0 77 0 0 0 0 71 0 0 43 0 18 0 0 56 39 0 71 91 65 64 9 0 39 
0 14 19 48 0 0 0 0 0 0 66 61 86 0 76 74 0 0 46 68 56 31 88 58 0 0 0 65 85 8 39 0 0 36 89 42 86 0 0 0 0 34 0 0 0 0 48 0 0 86 9 26 54 29 10 0 0 47 
31 0 0 77 0 0 42 30 0 94 0 0 0 0 0 0 0 0 53 0 0 63 0 76 61 0 0 0 0 32 22 36 0 70 0 13 31 76 57 0 94 75 0 70 0 0 6 0 38 93 0 0 0 97 0 0 94 
81 46 46 97 0 5 34 0 65 0 0 0 8 0 1 0 0 0 0 0 47 0 83 58 35 14 0 0 0 0 0 0 0 67 0 27 0 0 51 36 0 0 36 31 65 49 39 0 0 0 0 8 93 0 58 40 
6 0 0 0 94 0 0 0 2 41 91 67 3 88 95 0 0 13 99 0 0 0 0 0 0 0 59 0 1 0 0 0 46 0 17 53 0 0 4 0 0 88 36 90 0 78 0 2 46 47 80 12 0 0 0 
0 0 0 0 5 0 0 0 17 69 0 16 41 0 0 0 0 0 28 0 6 0 2 51 35 0 0 94 7 0 0 0 0 59 0 0 0 11 7 96 49 0 0 0 58 74 0 0 0 0 0 0 85 0 
0 0 0 66 33 58 0 31 34 0 0 82 0 0 6 50 93 0 0 9 87 0 12 59 25 0 83 40 59 41 2 0 0 0 25 56 0 7 51 1 72 88 35 0 17 68 0 3 0 0 64 0 26 
76 66 0 92 14 80 2 0 3 0 20 0 0 0 100 75 0 0 18 47 99 93 0 0 0 0 89 0 0 87 0 0 0 10 6 0 67 47 76 41 25 34 58 94 32 44 0 97 27 0 37 20 
0 0 17 44 0 0 15 0 0 85 86 5 92 0 61 0 54 54 0 40 0 0 0 0 0 40 89 28 3 93 23 39 0 0 42 90 48 0 0 50 34 27 0 67 2 0 47 0 0 0 0 
0 19 0 0 0 0 0 28 68 14 0 48 54 40 0 0 41 0 0 41 0 0 0 0 0 78 0 18 0 0 0 48 0 0 34 0 67 81 85 32 0 0 0 99 29 0 6 5 85 97 
88 19 83 0 49 68 0 0 0 87 0 19 89 0 0 0 0 0 0 0 31 0 0 23 0 72 0 21 69 0 91 57 0 0 71 56 0 42 70 9 60 0 0 0 0 20 33 56 0 
0 0 0 0 0 35 0 0 80 75 60 7 45 0 31 4 0 0 64 24 65 90 32 0 56 57 100 23 0 30 53 61 0 31 79 10 0 0 0 0 98 0 0 0 95 0 0 10 
19 0 15 0 0 0 72 20 66 0 20 0 0 0 68 88 90 20 0 0 47 99 44 70 0 42 0 61 0 0 0 64 99 0 82 4 47 0 58 0 0 52 98 88 95 0 0 
90 0 79 0 0 92 68 0 38 72 66 82 0 100 79 6 0 1 34 0 0 2 65 0 91 0 0 0 0 0 0 87 55 97 41 99 0 3 59 0 13 0 0 0 0 0 
89 0 0 32 41 57 40 0 0 0 0 60 51 57 0 0 76 0 62 0 0 0 8 0 40 0 24 91 0 74 0 0 0 0 0 0 27 0 0 0 75 0 40 31 0 
0 0 0 62 96 2 0 42 74 0 44 0 37 0 0 58 0 0 0 50 0 81 62 0 0 0 92 0 0 0 73 79 77 0 80 64 0 0 0 0 0 0 60 0 
0 1 70 32 49 0 0 0 0 77 0 88 7 0 20 0 59 77 17 0 0 50 0 91 0 0 0 0 3 0 46 0 0 0 0 88 0 0 2 0 0 10 61 
0 0 59 67 93 27 0 5 53 20 0 5 0 0 0 0 74 0 84 5 68 67 15 38 19 0 91 81 0 0 39 4 40 70 45 0 0 20 87 4 17 0 
0 0 66 72 45 60 0 0 81 0 0 0 0 0 0 0 0 11 0 13 0 97 0 0 25 0 0 0 0 0 39 0 0 65 0 0 0 31 0 3 85 
24 94 0 3 95 0 0 92 0 0 69 0 29 0 0 0 72 0 46 0 0 0 71 0 1 0 44 0 0 0 0 58 32 0 49 75 39 0 0 0 
89 0 0 38 79 0 0 0 0 0 0 3 0 27 0 87 0 0 93 13 21 53 0 12 0 0 39 0 39 82 0 51 39 0 0 31 5 0 0 
0 16 85 47 0 0 38 81 98 0 0 4 97 29 0 0 5 65 0 0 60 0 44 0 0 2 40 87 56 0 1 0 0 0 0 0 97 9 
0 0 0 0 10 5 0 23 0 64 0 0 0 35 86 0 49 79 0 19 0 24 44 0 56 0 57 0 60 0 0 0 45 27 0 5 0 
70 24 0 18 74 0 16 0 31 69 62 10 16 0 21 58 68 0 0 41 0 0 59 64 2 75 77 0 0 0 0 2 0 0 92 0 
15 1 0 4 84 22 0 0 31 31 0 0 0 0 0 0 0 69 0 6 71 68 0 93 0 0 90 0 0 63 28 95 0 0 0 
63 48 71 80 0 16 63 57 0 0 45 0 91 0 0 0 23 0 0 0 0 31 0 21 65 0 0 84 22 0 0 0 38 0 
19 62 0 0 0 0 0 55 71 46 74 91 0 0 0 0 39 82 0 36 0 0 0 0 0 0 0 22 42 80 96 0 0 
95 94 32 0 17 0 18 100 45 93 0 40 0 49 94 36 0 0 85 46 0 0 0 0 96 0 0 0 0 54 96 0 
0 86 61 74 28 75 81 20 70 71 78 21 0 0 44 15 44 56 0 0 0 20 91 0 0 78 0 37 0 0 0 
0 0 10 84 0 0 0 0 25 3 0 87 0 0 74 32 42 0 0 5 53 93 72 0 0 66 32 0 67 34 
0 0 0 0 56 0 13 91 69 61 0 0 12 0 0 73 0 4 90 0 23 0 0 2 0 85 0 75 0 
9 7 0 0 76 36 0 0 72 0 0 37 0 0 0 21 0 0 0 0 0 0 40 0 0 77 0 0 
0 31 95 17 27 0 31 0 0 0 0 0 5 21 0 0 7 0 19 0 26 0 24 0 0 3 45 
69 0 77 0 0 0 75 61 0 99 0 0 35 81 80 51 76 70 0 0 87 0 0 84 68 3 
0 45 49 21 0 0 56 0 20 0 0 41 0 0 88 75 0 0 0 97 79 0 0 0 0 
51 0 80 45 0 31 14 0 0 6 0 10 0 0 0 97 1 0 92 92 0 0 89 92 
66 97 0 11 55 0 27 0 0 91 91 31 0 89 9 19 0 0 0 8 68 13 83 
71 0 64 6 0 0 0 0 66 0 0 0 6 25 0 59 0 0 9 72 0 79 
0 0 92 0 0 0 0 96 17 0 0 82 57 68 0 76 0 51 0 0 89 
3 0 95 0 0 0 0 3 0 79 0 26 0 66 0 64 97 18 82 6 
0 89 0 0 0 0 35 69 59 0 0 0 0 96 24 0 0 0 55 
32 0 0 0 66 0 90 67 79 0 0 48 0 0 0 4 81 0 
0 0 0 0 30 0 0 44 66 0 0 14 42 0 0 26 68 
78 0 0 57 11 0 0 43 58 0 1 0 38 34 66 0 
0 73 80 68 0 71 0 35 45 0 54 95 0 96 62 
0 96 21 0 70 97 0 64 32 0 38 64 0 34 
0 0 6 0 0 32 0 28 64 0 100 61 24 
0 0 91 0 0 0 42 28 0 0 17 12 
0 34 64 0 0 36 36 0 60 11 77 
0 0 0 83 64 46 0 49 50 65 
0 0 9 39 0 36 0 0 24 
0 0 59 0 0 0 0 58 
46 0 96 0 26 82 14 
0 59 35 78 13 90 
42 0 0 0 0 
0 0 93 0 
0 9 80 
0 48 
0 

0
1141
29 37 18 35 35 36 47 5 14 41 44 19 20 31 19 16 41 20 7 49 19 28 9 6 48 16 1 22 42 42 48 22 28 17 6 14 2 2 20 18 44 13 36 14 43 6 31 36 27 37 36 47 17 46 3 16 11 3 37 2 
