60
6 59 97 37 40 2 83 79 37 58 53 56 67 36 83 22 16 1 38 71 81 72 51 34 46 100 54 6 62 47 100 35 72 96 72 78 64 54 57 0 79 76 23 11 11 72 0 27 73 4 64 19 76 15 53 22 81 6 95 8 
95 0 0 14 0 35 20 67 91 81 71 95 0 71 0 0 28 0 0 82 0 0 37 0 57 0 77 0 0 65 33 0 87 78 87 0 0 0 78 0 26 71 0 0 0 0 93 15 33 0 0 0 0 87 0 78 20 35 0 
67 0 45 93 99 0 0 0 47 0 14 0 15 0 0 0 83 100 70 0 0 67 0 0 0 60 0 0 0 0 22 21 0 0 58 0 0 13 0 25 29 92 0 24 0 0 54 0 0 82 24 0 45 92 14 0 25 0 
0 0 0 0 0 0 52 0 0 0 51 0 0 8 1 0 0 35 33 6 0 57 25 82 0 0 0 69 55 26 0 0 0 0 51 84 29 30 0 36 5 0 98 0 0 0 0 0 25 81 0 18 50 64 0 13 0 
98 74 0 72 19 32 0 0 7 0 0 0 53 26 98 8 41 0 53 84 83 0 0 63 15 71 0 0 0 96 16 0 8 88 34 0 0 0 0 0 0 0 90 84 0 0 0 71 0 42 0 37 0 17 0 77 
35 65 0 0 69 0 54 36 0 0 0 23 0 93 0 3 27 0 32 99 19 0 51 0 57 0 86 0 87 0 0 46 68 0 0 0 66 76 0 0 0 38 76 15 0 18 0 0 16 29 26 0 60 0 0 
42 100 37 3 0 0 0 29 61 30 0 0 26 15 80 5 90 0 0 0 2 46 0 0 69 63 55 38 0 48 24 53 0 0 63 0 18 0 16 43 0 0 50 0 0 44 97 0 24 0 90 0 0 54 
0 16 0 34 84 0 93 0 0 0 0 51 0 75 0 2 0 0 16 0 91 74 44 7 0 57 43 43 20 13 14 78 0 0 10 24 72 83 0 46 80 0 0 0 0 0 0 0 91 0 0 15 0 
0 0 37 41 0 0 0 0 0 71 0 14 0 2 90 81 45 0 0 41 0 0 66 0 0 30 100 0 0 0 54 39 0 0 0 0 42 74 0 0 0 45 22 0 0 0 39 90 0 19 36 54 
69 17 0 0 0 82 85 61 0 11 0 0 76 0 0 93 0 0 0 26 44 0 62 0 0 0 8 0 0 49 0 26 0 64 0 39 0 0 46 91 0 37 0 0 44 32 0 0 70 0 18 
78 0 20 0 0 80 24 0 60 0 72 44 93 0 0 25 0 29 0 58 0 0 42 28 93 0 0 0 0 0 42 0 91 20 21 0 13 33 0 0 0 0 67 87 60 0 39 0 0 2 
54 0 0 0 0 27 38 7 0 49 11 16 81 58 81 46 39 8 0 0 8 80 50 56 0 0 15 0 93 58 25 0 0 0 57 0 0 1 0 0 0 55 0 0 0 0 29 0 33 
24 0 34 0 25 21 0 0 0 44 0 0 86 0 41 0 13 0 8 0 0 0 0 0 0 0 0 25 0 49 0 15 72 44 31 0 47 78 18 65 0 81 9 0 0 56 28 100 
10 0 83 0 0 95 0 41 14 11 0 4 0 0 0 55 92 0 0 0 0 0 31 0 80 0 0 0 70 54 36 0 3 79 0 0 99 0 90 0 0 0 0 59 98 55 65 
94 62 0 98 71 0 15 9 61 0 17 24 0 67 35 0 56 0 0 39 90 0 54 100 22 50 0 77 92 37 0 0 0 35 0 0 0 0 0 0 0 33 0 0 0 87 
0 0 77 0 81 0 38 0 19 93 0 57 0 78 55 0 0 0 0 84 0 45 1 0 0 68 66 97 24 20 30 35 0 2 0 64 0 5 0 32 0 0 0 0 6 
25 79 100 67 0 63 0 0 0 95 29 0 0 0 49 28 35 0 94 13 0 0 39 0 5 84 52 12 37 64 69 0 84 0 17 47 0 0 0 0 0 94 56 95 
0 28 79 0 0 0 0 0 0 0 68 35 0 0 0 61 82 25 57 89 0 0 0 2 0 0 27 76 14 19 32 69 96 0 36 0 0 0 0 75 90 0 0 
0 0 0 58 59 50 0 0 88 90 0 0 58 0 0 0 0 23 88 2 33 86 58 95 77 0 89 0 32 0 78 89 72 0 18 0 72 0 74 0 59 24 
0 6 18 0 0 71 0 1 51 0 0 0 76 3 0 0 0 53 35 0 59 80 0 0 94 0 30 0 32 44 60 0 35 0 0 0 0 0 6 9 0 
0 0 72 0 0 0 0 0 89 0 20 0 7 0 0 0 0 0 0 0 79 34 0 18 0 16 51 28 18 97 13 25 0 0 0 0 84 0 87 0 
29 0 0 0 33 15 0 9 72 55 0 0 18 0 0 73 88 21 41 0 0 24 0 12 3 0 2 0 0 0 20 0 38 0 0 48 30 96 0 
0 39 0 22 21 60 0 16 98 0 77 68 68 38 0 0 0 30 0 0 94 80 3 0 0 0 0 0 79 78 74 52 0 0 16 96 0 68 
73 0 0 25 0 0 0 60 59 0 0 86 0 59 77 30 48 0 20 59 18 0 0 0 0 86 0 0 91 0 75 0 0 44 85 0 81 
0 0 6 0 65 0 33 0 0 38 0 95 3 83 94 46 28 91 0 0 0 38 0 0 8 0 7 0 0 0 11 0 86 0 34 0 
43 50 67 49 0 92 22 0 0 90 4 0 3 0 15 0 97 45 0 0 0 0 0 92 40 27 0 49 0 0 6 0 0 88 0 
0 0 0 0 0 36 0 29 78 0 35 0 0 0 50 97 24 0 0 57 0 0 0 0 43 0 6 0 58 0 0 0 0 0 
51 39 0 0 0 29 70 0 94 59 0 0 0 0 0 50 34 0 0 0 60 45 0 0 43 0 71 0 41 25 0 85 0 
0 0 0 0 0 0 0 0 56 45 0 0 50 0 0 78 0 28 0 53 30 0 38 60 0 88 10 5 1 6 0 0 
63 84 0 0 0 67 54 91 0 0 34 0 0 0 67 97 76 25 0 0 70 0 54 0 0 58 31 85 0 0 48 
0 66 0 99 98 6 27 81 91 17 0 0 0 44 0 0 0 0 0 22 92 0 0 85 0 48 0 0 0 43 
3 86 0 73 0 0 4 71 36 38 0 22 0 0 0 53 52 62 0 0 61 0 0 0 42 51 26 62 22 
0 39 69 76 40 95 0 0 49 0 0 0 9 100 45 42 3 13 0 60 0 95 39 0 67 63 53 58 
0 0 0 0 63 52 61 0 64 0 0 0 39 22 0 23 0 0 36 4 0 64 82 40 51 57 0 
73 0 14 0 19 0 0 0 88 96 0 0 0 0 5 0 87 49 23 20 0 0 44 73 45 0 
42 0 0 7 2 43 0 48 0 1 0 65 46 16 0 0 0 15 80 0 0 18 0 25 0 
0 0 65 0 17 28 0 0 56 0 72 0 98 0 30 0 0 22 0 39 0 0 11 0 
23 0 0 0 13 0 36 0 74 88 33 1 93 56 0 62 22 75 0 0 0 12 0 
0 0 40 81 1 0 39 0 41 0 60 0 0 0 0 0 0 0 0 67 0 0 
0 94 0 0 32 0 0 0 3 0 0 46 93 67 0 0 0 51 58 33 68 
59 83 60 78 0 0 70 16 64 0 35 0 0 0 25 77 0 10 25 0 
0 0 48 0 93 0 0 15 60 0 0 0 48 0 0 9 70 0 27 
44 0 0 5 11 0 70 0 0 45 73 0 69 12 0 0 0 0 
82 87 90 0 73 0 94 49 0 79 21 0 94 51 0 0 0 
0 0 37 0 65 0 0 92 0 0 0 0 90 19 84 84 
0 0 76 0 42 0 46 71 0 0 15 22 74 92 0 
47 89 0 8 0 0 3 0 41 60 0 55 0 39 
23 35 27 54 0 0 41 0 0 69 0 0 3 
80 28 32 31 0 0 0 7 0 34 10 0 
0 0 20 27 0 97 0 0 0 0 0 
0 25 0 56 97 8 76 70 76 0 
86 0 38 0 0 0 36 0 2 
0 63 13 37 0 0 0 3 
100 79 0 0 0 0 96 
75 0 38 42 3 73 
0 87 0 0 0 
85 74 0 0 
0 0 10 
48 0 
79 

0
1090
24 14 26 6 12 4 27 1 5 21 48 16 26 27 39 32 42 8 42 33 47 5 39 14 29 4 29 27 28 37 6 1 3 33 9 14 36 35 16 40 5 15 6 32 42 46 13 35 5 6 17 1 11 7 16 41 11 45 20 38 
