60
11 93 91 88 61 25 41 91 92 38 23 54 91 76 17 15 29 18 63 96 98 26 90 66 78 99 68 15 35 20 99 46 12 56 100 39 81 6 29 72 44 18 93 34 61 9 49 90 95 78 51 58 71 41 90 48 5 58 29 6 
27 56 51 0 0 56 68 0 0 1 0 57 0 0 54 48 0 19 7 0 0 0 66 0 26 84 0 51 41 0 0 0 81 63 0 0 2 39 0 46 13 0 0 0 49 78 88 49 0 33 0 0 0 0 30 0 0 2 0 
0 0 0 0 0 0 24 0 0 0 0 0 62 0 38 0 0 0 54 46 52 0 0 30 0 0 42 0 63 0 0 76 0 0 6 66 0 0 15 0 0 0 0 18 0 0 11 82 2 0 65 0 80 0 52 0 17 44 
0 0 0 66 0 50 88 83 35 0 0 0 0 58 0 0 0 85 14 99 18 0 0 73 68 0 0 53 0 0 34 16 0 0 0 84 0 25 63 0 0 38 94 0 33 81 75 86 40 0 96 34 32 54 36 64 18 
93 15 23 51 0 0 0 95 100 53 96 73 19 53 0 98 0 0 0 0 0 67 0 0 0 80 70 0 0 5 0 0 26 82 0 74 0 0 7 0 90 0 0 0 0 21 67 93 73 7 18 0 0 42 1 42 
0 0 0 0 0 75 0 0 0 93 70 22 62 0 0 0 0 25 0 0 12 0 0 58 0 79 50 0 18 0 0 11 95 0 56 0 0 0 0 0 0 0 10 0 11 0 55 94 60 0 0 31 0 8 45 
0 67 31 0 0 0 0 14 0 0 0 0 87 9 53 2 0 0 0 0 42 0 55 42 99 11 80 14 0 0 0 0 72 0 18 0 20 0 19 50 82 0 0 0 4 0 82 82 28 0 0 48 18 0 
36 0 22 66 61 35 0 84 0 0 70 35 0 0 0 0 0 59 0 0 0 31 0 44 0 0 0 70 0 78 95 0 49 0 50 0 64 0 0 91 77 34 0 89 81 95 0 67 84 11 0 0 0 
93 0 57 0 0 57 0 23 93 0 0 0 33 38 24 0 74 89 0 36 34 0 91 0 0 60 0 0 0 0 52 0 0 0 0 0 0 0 0 46 76 16 37 18 21 0 0 7 53 54 33 25 
0 61 0 29 87 0 0 0 69 0 0 0 0 0 71 58 1 0 21 0 93 55 0 0 0 0 0 0 54 54 49 0 55 0 0 99 0 0 27 10 0 0 0 5 70 32 1 68 0 21 56 
0 10 0 59 0 0 89 0 99 65 29 0 100 0 8 68 13 0 31 0 24 97 0 0 28 0 0 0 95 0 0 0 12 20 0 0 0 0 0 0 95 40 0 30 45 0 0 37 0 0 
0 0 0 0 14 0 60 93 0 88 70 0 0 2 0 99 95 0 47 64 0 100 0 0 86 67 75 91 0 0 0 9 45 0 95 77 0 0 2 0 65 0 70 57 66 100 84 0 97 
0 0 60 16 62 0 0 0 0 0 31 87 0 84 6 0 0 56 0 2 0 58 0 0 92 0 0 89 0 0 55 0 0 85 0 68 0 0 69 38 0 6 67 53 0 0 52 61 
45 0 100 0 71 93 0 0 91 0 92 14 0 0 20 79 0 0 0 0 15 0 0 0 0 86 0 0 0 66 62 41 14 49 0 74 0 18 0 0 0 25 0 60 68 42 67 
93 0 55 0 0 1 0 0 0 78 65 92 35 0 24 0 81 43 47 51 41 61 27 0 0 53 0 0 0 0 58 0 94 0 84 28 0 37 11 0 51 0 11 65 0 13 
0 41 0 0 100 0 0 0 69 92 38 100 0 12 0 0 97 0 27 23 0 30 0 88 0 0 37 94 76 34 7 37 0 0 26 0 89 0 0 13 79 73 97 63 23 
0 95 0 95 0 60 0 0 0 0 0 0 0 0 0 0 50 0 22 91 28 0 59 58 0 52 0 11 0 16 23 0 0 36 46 0 0 48 0 5 85 0 43 55 
39 57 0 0 0 0 0 0 98 0 100 54 75 34 0 34 84 0 0 53 0 0 0 33 51 0 0 0 0 0 8 0 0 23 0 0 0 6 27 0 92 0 10 
4 0 37 0 76 92 90 50 27 0 0 0 0 0 90 41 77 0 31 0 0 0 51 20 0 0 30 0 0 0 0 0 0 34 0 0 0 0 0 0 34 73 
0 81 48 92 0 31 0 0 0 0 0 94 0 42 0 0 100 96 55 0 0 0 98 0 11 58 0 89 0 0 51 0 44 0 86 93 15 0 0 28 0 
0 0 0 0 75 0 32 0 0 36 0 87 15 0 0 82 17 41 0 0 53 28 55 71 0 0 0 0 0 80 93 100 63 24 11 5 91 82 0 0 
44 0 0 25 43 36 58 0 16 0 98 0 0 0 0 38 58 46 77 100 15 0 6 35 59 87 23 70 0 61 0 39 0 90 53 21 27 0 0 
0 0 0 0 10 82 65 88 58 0 18 54 19 12 0 13 0 0 74 0 0 17 29 0 10 39 80 0 57 40 26 3 76 0 56 0 63 71 
0 54 34 83 0 88 19 0 42 0 60 0 29 0 100 99 0 0 21 39 0 13 63 0 0 49 0 0 76 39 0 0 0 52 57 0 0 
0 0 16 38 0 19 0 0 96 16 26 85 100 0 0 0 0 0 75 24 7 38 92 11 95 0 42 5 0 0 0 0 100 92 49 0 
0 0 0 12 0 0 0 0 0 0 0 0 78 0 0 41 2 44 0 37 0 52 93 0 0 0 0 0 0 84 27 0 73 50 51 
0 68 0 78 93 35 0 6 5 20 62 50 0 43 0 82 31 95 0 0 34 0 0 0 0 41 51 0 0 0 0 0 71 95 
96 0 0 19 0 0 72 0 0 5 0 0 0 91 13 66 0 41 0 0 9 0 72 26 94 89 0 0 0 74 0 45 0 
0 0 16 26 41 0 16 0 0 0 95 95 53 0 0 71 68 87 0 0 0 91 0 0 81 40 74 57 8 0 68 0 
0 84 74 18 0 4 0 0 11 0 0 76 40 0 14 0 0 0 0 0 13 1 0 0 0 0 0 80 19 33 48 
0 0 0 36 32 48 0 92 45 95 0 0 22 66 72 0 0 0 0 75 0 79 11 0 10 72 13 0 24 22 
0 16 39 43 0 0 0 0 48 36 0 25 35 0 31 0 10 0 0 40 0 0 0 21 57 71 0 0 0 
0 48 15 0 0 0 32 0 0 8 70 0 76 62 0 0 92 0 62 0 0 0 0 0 0 0 49 0 
0 14 0 0 0 3 0 0 0 67 31 34 26 86 0 26 0 58 93 0 10 80 0 46 56 27 0 
61 5 78 35 58 0 84 0 0 30 13 0 0 65 20 0 0 0 0 77 15 48 64 59 44 0 
27 48 54 14 0 0 0 0 34 0 0 0 0 19 0 5 0 0 0 0 0 0 40 0 30 
0 0 0 0 0 0 0 0 0 0 4 0 52 0 42 0 46 0 71 66 77 69 32 23 
76 77 2 59 57 58 46 9 0 0 65 34 21 0 90 0 88 0 29 19 0 3 0 
0 82 75 0 85 0 0 63 0 0 0 0 32 40 70 78 28 0 47 0 0 0 
0 86 25 85 0 0 0 0 78 54 77 0 79 0 22 81 31 53 30 11 0 
3 0 0 35 0 0 0 0 0 41 19 0 0 0 34 47 23 0 3 17 
52 85 0 43 0 55 96 0 2 98 0 0 50 80 42 0 0 6 0 
54 61 88 0 88 0 83 0 0 0 91 58 78 0 0 0 0 0 
0 0 0 43 0 32 0 0 0 36 0 0 22 50 0 40 0 
0 17 0 40 64 67 63 9 7 69 61 0 8 56 58 55 
0 0 83 100 0 27 0 0 64 0 0 0 87 0 0 
0 3 0 25 49 0 0 7 61 0 63 70 0 0 
82 99 78 0 0 10 0 0 0 0 0 0 0 
0 0 0 25 0 68 81 7 66 52 65 0 
0 53 0 0 0 0 23 45 66 0 0 
0 0 17 0 0 0 0 82 85 0 
49 56 15 0 0 0 0 0 98 
99 0 0 0 0 0 0 0 
22 42 0 63 65 50 0 
0 76 0 0 5 0 
69 77 0 33 48 
20 0 0 0 
71 0 73 
0 22 
56 

0
50
36 14 37 10 43 31 26 45 4 48 34 17 38 45 2 9 7 32 10 33 16 42 33 20 10 15 7 4 40 10 49 26 23 37 37 18 17 15 14 22 12 50 40 49 44 41 9 3 24 19 35 40 12 19 11 21 35 19 24 25 
