60
9 61 28 65 97 12 25 6 56 14 28 31 83 59 84 4 83 47 50 0 70 51 38 65 63 6 17 25 61 74 7 37 0 35 1 98 48 94 3 70 74 99 1 56 57 51 26 5 98 42 72 67 59 10 31 21 83 15 47 44 
54 90 0 53 7 39 0 6 77 0 0 20 54 0 0 50 13 0 23 50 9 50 40 84 71 51 0 74 96 0 16 0 46 86 0 0 48 32 22 0 9 0 61 0 0 0 0 80 7 85 7 26 0 8 88 64 9 60 54 
39 97 0 80 50 61 0 45 95 24 99 6 4 61 33 65 12 34 47 0 0 65 98 0 87 0 88 0 94 80 77 29 24 42 16 0 0 5 62 6 85 2 0 80 46 93 0 0 38 0 1 100 10 27 12 0 0 83 
24 0 0 79 73 7 70 27 0 88 0 3 0 13 0 97 76 43 55 92 0 37 0 48 92 0 86 43 49 76 0 46 0 14 7 78 56 0 83 92 0 0 5 64 9 0 25 71 58 60 45 21 0 65 19 0 68 
68 23 86 25 68 0 0 55 7 68 81 7 98 66 89 0 22 87 0 48 0 0 31 71 44 43 0 78 51 91 53 84 15 0 4 35 0 49 92 0 42 27 0 70 20 87 36 0 55 38 86 0 0 34 63 17 
66 0 0 96 60 79 31 15 28 22 28 67 44 0 0 1 53 20 0 0 94 0 0 95 0 92 63 0 21 93 6 95 93 0 0 59 0 79 0 82 83 0 0 84 0 100 27 78 0 0 47 87 20 59 6 
24 40 0 66 59 50 5 42 44 39 53 65 84 1 53 37 72 0 96 98 45 17 80 0 0 79 46 0 43 46 88 23 61 31 0 63 33 95 0 0 0 0 92 91 67 1 0 13 0 26 39 18 52 99 
98 40 0 0 71 29 24 65 0 33 84 1 39 21 43 9 22 4 0 0 0 44 75 10 59 89 0 88 87 30 0 0 16 75 0 98 0 10 0 81 28 90 0 14 40 0 27 74 55 96 0 0 13 
48 18 87 0 67 23 96 5 0 12 96 12 0 33 83 0 0 0 87 61 64 62 80 82 30 4 0 16 0 0 6 9 0 58 98 27 0 88 1 0 60 0 42 80 50 2 13 54 0 63 0 20 
78 95 0 83 16 0 77 48 0 28 56 4 0 20 11 0 2 58 76 0 3 79 100 50 23 26 93 86 66 65 0 76 19 0 44 0 79 80 89 0 83 70 46 35 0 20 22 41 41 9 27 
71 20 83 77 98 20 39 92 27 58 39 73 19 0 28 89 43 58 10 34 0 4 67 61 10 88 33 46 0 0 51 94 22 67 90 60 25 34 43 5 0 82 80 0 0 28 77 78 53 0 
0 0 47 94 18 0 19 24 52 45 83 82 62 31 70 13 0 11 0 0 44 31 55 47 0 100 96 87 0 0 62 0 32 20 68 23 74 83 79 65 24 60 53 34 66 74 63 25 98 
6 74 0 13 52 0 29 78 20 42 59 45 0 18 73 0 33 39 97 0 0 92 0 14 0 69 99 12 28 16 27 58 31 0 65 0 71 76 0 0 50 48 18 90 38 0 66 0 
5 32 63 22 28 51 0 94 0 61 0 0 67 0 22 96 50 29 100 89 0 18 77 31 77 88 54 0 47 31 46 84 77 35 56 66 29 0 0 0 40 93 76 96 0 94 0 
91 28 50 18 71 38 55 100 43 42 55 32 47 60 87 89 0 84 84 37 90 0 60 53 92 0 33 58 78 46 81 92 0 0 83 53 9 66 84 91 0 0 0 85 0 96 
0 73 67 9 0 0 27 6 21 27 72 95 49 30 48 48 9 90 0 0 0 0 8 51 0 24 48 12 34 86 18 72 92 0 60 53 76 39 65 26 15 72 34 12 35 
11 33 81 80 10 60 22 0 2 40 12 48 55 19 8 0 86 14 10 87 0 93 0 81 68 72 48 44 14 0 0 0 23 0 0 30 64 0 50 51 84 90 0 0 
58 11 0 80 22 68 94 68 0 64 92 27 52 16 62 22 3 97 71 60 79 43 23 14 42 0 100 29 33 0 0 35 90 65 11 0 68 47 1 58 4 43 83 
12 74 28 0 29 0 18 2 39 0 6 39 52 0 42 14 79 97 92 0 20 0 49 89 0 0 0 28 45 55 85 0 60 45 33 2 81 0 91 79 29 29 
29 83 56 90 44 49 0 30 40 23 24 37 27 0 0 12 98 70 24 38 83 29 30 0 0 85 56 5 44 35 25 39 8 79 85 71 20 0 15 66 64 
84 48 31 1 62 30 0 67 0 12 64 86 0 4 84 55 42 33 0 91 89 70 0 0 80 32 20 33 58 3 90 42 14 9 23 89 7 5 59 42 
77 89 0 0 47 74 68 76 0 90 73 90 0 2 14 67 76 44 0 32 0 87 8 0 0 56 51 43 0 26 7 75 44 64 90 26 54 55 0 
0 0 38 0 60 19 21 70 74 0 48 20 71 0 0 62 0 87 0 0 0 0 69 9 66 73 30 67 52 17 30 29 96 0 54 81 12 0 
0 80 29 45 0 99 0 65 73 0 31 17 35 31 32 9 0 20 0 66 22 49 51 0 4 53 17 8 0 35 0 66 0 27 0 35 41 
11 50 93 0 5 0 83 0 67 55 0 90 31 60 0 86 84 40 0 85 93 21 49 63 25 64 99 39 60 76 87 71 74 59 0 43 
3 66 0 92 70 62 100 36 72 97 24 27 27 1 74 0 77 54 63 0 27 0 55 0 0 83 4 95 0 0 0 0 51 0 0 
83 0 44 73 33 0 0 55 24 6 0 11 54 0 76 75 0 44 99 83 0 0 0 53 0 29 1 73 42 83 30 0 47 2 
0 18 54 99 0 9 0 0 42 57 54 63 34 0 53 62 0 40 0 77 2 0 0 67 76 76 65 27 48 0 58 92 72 
44 80 28 27 53 4 0 0 96 84 77 94 92 14 65 0 36 0 52 59 29 72 75 2 50 0 33 19 56 35 97 65 
48 67 19 82 75 2 74 25 28 0 28 99 0 14 74 22 44 6 93 23 56 39 21 3 0 98 64 0 62 0 43 
33 0 38 0 44 85 30 57 64 0 0 51 0 0 61 6 85 72 70 13 8 84 16 53 60 73 58 33 81 0 
41 0 54 0 26 35 0 26 0 77 0 0 0 76 19 0 43 59 48 0 56 39 0 71 91 65 64 9 25 
51 14 19 48 63 47 57 66 61 86 0 76 74 99 46 68 56 31 88 58 0 0 29 53 98 11 94 0 
36 89 42 86 98 0 66 12 60 0 48 0 12 49 94 14 1 56 0 95 47 31 49 77 12 42 30 
0 94 0 0 44 35 0 2 2 0 63 0 76 61 28 73 32 22 36 55 0 0 13 31 76 57 
0 94 75 0 70 73 6 0 38 93 27 87 0 0 77 0 81 46 46 97 0 5 34 0 65 
0 0 85 95 1 3 0 86 47 21 45 28 21 0 93 0 55 0 0 67 13 0 0 0 
51 36 19 36 31 65 49 39 44 0 0 8 93 13 92 0 6 0 51 94 5 0 2 
41 91 67 3 88 95 0 0 13 99 0 0 0 0 22 0 59 0 1 55 33 0 
66 0 53 52 4 0 17 19 23 77 78 100 76 4 0 46 0 0 30 0 0 
2 5 99 80 0 69 68 17 0 19 0 90 28 42 83 2 51 35 75 94 
7 54 49 59 0 74 11 7 96 49 25 71 87 93 0 86 77 85 35 
52 66 33 58 0 31 34 0 0 82 49 6 50 93 0 0 9 87 
12 0 59 25 0 83 40 59 41 2 0 0 63 95 50 7 51 
1 72 88 35 0 17 68 8 0 15 64 81 0 76 66 0 
92 14 80 2 0 3 62 86 0 0 100 75 0 0 18 
47 99 93 70 0 62 86 0 87 0 15 10 6 76 
45 91 66 22 39 85 70 92 48 28 97 27 0 
37 20 64 17 44 43 15 0 0 85 86 5 
92 0 61 0 54 54 78 0 0 0 47 
0 40 89 28 3 93 23 39 13 42 
90 48 0 26 81 43 0 47 47 
0 41 58 39 0 2 25 0 
0 0 0 28 68 14 26 
27 67 87 0 41 0 
66 94 0 97 76 
33 18 0 0 
25 87 0 
34 94 
42 

0
1006
37 24 44 49 17 47 44 22 8 33 36 50 43 19 40 42 39 30 43 31 32 30 3 33 19 8 47 42 43 32 29 31 7 22 32 24 21 25 47 28 9 33 29 4 3 20 45 44 50 40 24 31 19 27 16 39 34 14 30 28 
