60
91 69 48 4 91 7 57 31 6 76 71 61 56 71 12 42 98 70 19 9 1 60 98 20 49 4 33 20 99 33 7 56 1 56 60 58 29 16 90 35 58 26 62 80 63 75 21 60 44 7 36 45 67 33 31 15 4 30 35 69 
0 24 65 90 32 0 56 57 100 23 0 30 53 61 0 31 79 10 91 0 40 79 8 95 97 10 19 0 15 55 90 21 53 0 63 0 71 83 16 76 48 53 0 47 99 44 70 0 42 0 61 21 61 0 99 0 82 4 47 
0 58 36 52 98 88 95 0 0 90 17 94 39 59 39 38 72 66 82 82 0 79 6 38 0 34 89 2 65 0 91 0 0 0 0 86 87 55 97 41 99 0 3 59 38 55 0 87 0 89 91 32 41 57 40 83 61 60 
51 57 46 76 0 62 98 55 0 0 40 0 24 91 46 77 0 0 71 0 27 56 0 75 61 0 31 0 0 83 62 96 2 0 42 74 0 44 0 37 0 67 12 0 0 50 13 0 62 0 74 92 0 0 84 0 79 
77 0 80 64 0 0 73 0 0 60 35 1 70 32 49 0 99 0 77 28 0 7 0 20 51 0 77 17 82 50 0 91 0 0 2 3 17 65 100 0 88 0 35 98 0 10 61 59 59 67 93 27 0 5 53 20 
46 6 0 0 33 0 79 8 8 83 80 92 0 19 0 91 81 58 39 4 40 70 45 0 0 20 87 4 17 0 37 66 72 45 60 0 0 81 0 59 42 25 0 11 9 0 0 97 11 25 0 63 0 0 39 
32 65 0 23 31 74 15 46 98 31 3 95 0 0 92 34 69 0 29 90 0 72 0 46 81 0 71 92 55 44 0 0 40 58 32 0 49 75 39 0 89 89 0 0 38 79 0 100 75 13 20 27 59 52 
0 93 13 21 53 0 12 46 39 7 100 19 51 39 100 31 5 0 0 17 72 0 47 14 38 81 98 0 45 23 44 75 0 5 65 0 14 87 44 33 2 40 87 56 0 1 0 0 87 38 75 91 51 
19 46 0 0 23 10 0 98 0 35 86 0 49 79 0 19 17 79 43 56 0 57 0 60 63 93 5 90 5 5 31 97 18 74 0 16 46 0 69 62 10 16 0 21 58 68 50 41 0 0 59 64 
2 75 77 17 0 0 2 0 72 15 15 1 77 0 84 22 83 31 31 0 75 84 40 69 90 0 71 68 0 93 78 90 0 98 0 28 95 80 42 35 24 43 43 16 63 57 19 45 0 91 0 
54 23 67 0 0 31 22 21 67 0 84 22 0 0 15 88 19 62 98 0 0 96 62 87 59 68 41 50 0 39 82 0 36 5 18 10 0 22 42 80 96 0 29 0 94 32 50 54 18 100 
45 93 56 0 0 49 94 36 32 85 46 38 16 96 0 0 76 54 96 0 0 86 61 74 28 75 81 20 70 71 78 21 0 63 31 39 14 96 83 20 91 0 0 78 37 0 0 0 90 
0 10 84 42 55 25 3 0 87 0 89 65 57 68 0 5 53 93 72 0 11 0 32 47 84 49 83 0 56 0 13 91 69 61 0 53 96 54 76 4 90 38 0 74 2 0 85 0 
75 0 9 7 63 76 36 30 72 33 37 0 23 21 0 0 0 0 22 40 0 0 77 0 0 0 31 95 17 27 93 53 0 64 45 79 68 0 7 97 12 26 85 20 0 3 45 
69 0 77 69 0 75 61 0 99 87 35 81 80 51 76 70 0 0 87 0 63 0 68 3 0 45 49 21 0 0 56 31 73 96 0 0 20 100 47 0 76 0 79 65 0 80 
0 89 21 35 31 14 15 6 0 10 0 0 0 97 1 0 92 92 61 89 92 66 97 82 0 55 0 27 0 27 29 0 31 17 93 98 56 0 0 8 68 13 83 71 100 
0 6 9 47 66 0 0 6 52 0 4 41 93 0 72 33 0 28 92 0 48 0 96 17 33 82 57 68 0 76 91 90 0 89 3 0 95 67 0 18 0 36 53 26 
97 93 64 97 18 82 6 63 5 85 0 35 69 59 74 6 96 24 1 0 55 32 0 0 0 66 63 78 55 0 0 33 70 0 43 8 29 0 0 41 30 40 44 
66 60 14 42 16 26 68 78 3 57 11 0 0 43 58 82 47 38 34 66 0 0 73 80 68 0 71 6 86 87 54 95 0 96 62 89 0 21 0 70 97 83 
38 0 38 64 0 34 55 6 90 32 0 28 64 99 41 14 0 0 56 64 92 42 28 0 0 17 12 0 34 64 0 95 79 0 93 0 11 77 0 68 83 
64 46 78 0 50 65 48 9 39 45 0 71 24 66 59 0 0 30 58 46 0 96 0 26 82 14 22 0 35 78 13 90 42 0 54 47 0 93 48 9 
80 74 96 0 0 15 0 93 29 85 43 0 98 94 61 93 6 0 87 40 0 0 70 81 80 35 74 43 60 81 0 0 80 0 54 48 61 94 0 
0 97 40 83 37 53 67 83 16 38 81 0 34 100 6 47 35 96 78 54 0 76 0 11 0 73 0 19 15 22 6 8 95 0 90 69 35 20 
67 91 81 71 95 0 71 0 93 0 87 82 0 0 37 7 96 77 0 0 65 33 0 87 78 87 0 79 78 91 12 99 31 0 93 15 33 
31 0 0 87 95 56 59 75 67 0 45 93 99 32 66 57 14 0 15 0 0 43 11 69 34 73 41 0 8 72 90 0 22 21 99 58 
49 13 0 25 29 92 100 0 67 54 0 0 82 24 0 45 92 14 0 25 0 19 19 2 52 0 69 51 41 8 1 0 0 35 33 
6 6 0 25 82 0 0 0 69 55 26 0 33 39 16 62 0 30 0 36 5 0 98 0 2 0 0 25 81 0 18 50 64 16 
62 98 74 95 69 66 43 0 7 0 32 53 26 98 8 41 0 53 84 83 0 17 63 5 15 0 42 76 14 8 88 34 0 
0 0 94 26 90 84 0 12 71 0 42 11 0 0 17 0 77 35 65 0 7 0 0 29 37 0 50 73 93 0 3 27 
0 32 99 19 0 51 77 0 0 86 0 87 0 76 0 68 0 72 66 76 0 16 38 76 15 12 16 90 50 33 75 
60 0 31 19 85 67 19 0 31 29 61 30 71 26 15 80 5 90 37 0 2 46 0 0 69 63 55 38 0 48 
24 53 65 63 0 18 0 16 43 0 0 50 47 44 97 0 24 9 82 8 80 16 10 9 17 93 95 32 51 
53 0 0 2 61 16 0 91 74 44 7 98 62 50 38 75 37 32 50 0 10 24 72 83 0 46 80 0 
0 0 50 0 0 91 0 3 48 0 65 0 41 0 0 0 47 71 28 84 2 90 81 45 93 41 0 
0 66 0 71 46 0 0 46 54 39 0 52 0 42 74 0 0 45 22 0 89 39 90 0 19 36 
54 69 17 0 0 28 50 0 61 0 11 28 76 0 0 93 0 0 0 26 44 35 81 72 8 
60 49 0 26 77 89 39 7 46 91 0 37 0 39 0 32 0 0 70 63 29 11 20 0 
0 80 24 97 69 0 72 44 93 0 41 16 29 0 58 73 42 28 93 0 0 0 0 
0 42 43 0 20 21 57 11 0 0 95 0 67 87 60 73 0 0 46 14 32 0 
73 27 38 7 16 72 0 16 81 58 81 46 39 8 12 8 80 50 56 47 15 
0 93 58 25 0 32 57 0 0 1 0 80 55 75 85 29 62 66 8 34 
61 58 57 78 44 35 86 60 50 13 48 85 0 0 0 49 0 0 25 
0 49 67 13 16 0 31 0 47 78 18 65 94 60 55 0 56 28 
100 10 0 83 0 0 95 71 27 89 67 4 0 0 0 55 92 
0 87 0 0 31 0 80 47 12 0 54 36 0 3 79 61 
99 0 90 4 0 43 76 18 15 0 94 62 98 0 71 
83 63 57 58 17 24 0 67 35 68 45 0 39 90 
0 54 100 22 50 38 55 60 82 0 48 0 79 
0 0 0 83 33 13 92 96 0 77 38 4 
38 0 19 93 0 57 0 78 55 0 88 
75 22 45 1 0 0 68 66 97 24 
20 30 35 88 71 64 0 5 65 
0 0 0 0 93 74 72 88 
0 67 0 63 0 0 0 
95 29 0 39 49 28 
35 40 0 13 0 
0 39 93 23 
34 77 69 
28 62 
69 

0
811
23 2 14 50 9 21 16 35 18 38 33 18 27 31 20 45 41 2 8 5 15 11 5 23 44 11 25 40 3 44 42 27 48 7 26 8 27 42 43 45 31 25 14 7 8 35 1 50 38 10 4 2 21 10 26 16 21 50 5 25 
