60
19 48 32 54 69 35 96 2 62 36 84 59 61 16 82 75 5 90 15 38 0 17 34 89 58 62 59 34 50 39 46 35 88 44 90 56 79 85 58 7 20 41 32 47 23 13 88 28 2 2 33 2 86 67 58 43 95 16 77 45 
89 0 32 65 86 85 96 18 0 72 0 74 67 79 69 6 18 0 71 0 1 51 94 85 41 4 16 53 35 6 47 65 0 94 28 91 32 44 60 73 75 6 58 6 9 0 34 72 90 0 0 0 89 0 20 0 29 80 7 
0 61 77 64 18 86 94 72 8 58 56 83 80 54 70 20 87 0 29 0 100 33 15 87 59 67 0 0 0 18 0 38 30 94 40 58 22 17 12 3 0 2 0 0 0 20 0 38 78 48 30 96 0 19 70 22 21 60 
39 84 43 77 68 68 38 0 0 6 0 76 94 80 3 24 0 5 79 78 74 52 0 0 16 96 99 0 73 0 66 93 95 60 59 0 37 62 59 77 30 48 0 20 59 18 0 51 95 54 11 0 0 75 27 44 85 
17 15 96 0 42 0 60 77 93 63 95 3 83 94 46 28 91 77 0 38 0 0 8 0 7 83 17 0 11 15 34 0 43 50 67 49 78 47 53 97 100 69 3 0 15 0 97 45 27 25 0 92 40 27 0 49 
0 0 6 49 88 93 0 24 36 52 23 73 35 0 0 48 84 67 8 64 13 42 31 26 6 57 58 0 0 26 51 39 0 22 29 70 0 94 59 0 56 0 0 50 34 64 0 60 45 84 43 72 40 41 25 
22 1 6 0 84 0 84 56 45 0 0 50 69 78 0 28 42 0 30 48 0 60 0 88 10 5 1 6 0 22 15 7 0 1 60 79 24 0 34 17 0 67 97 76 25 0 0 70 53 0 0 0 58 31 
85 1 48 0 66 1 31 2 0 27 81 91 17 87 0 44 12 46 0 22 92 46 85 50 0 23 39 0 3 86 0 73 0 83 70 50 0 38 18 63 0 73 88 42 0 0 17 51 0 61 56 0 26 
62 22 81 73 0 76 40 95 0 0 49 40 0 9 100 45 42 3 13 92 31 95 39 0 67 63 53 58 53 2 63 52 61 50 0 0 0 0 39 22 0 23 91 36 4 18 32 66 44 92 12 73 
0 14 9 82 89 88 96 65 0 44 0 0 87 49 23 20 54 44 73 45 89 46 29 0 2 43 0 48 0 1 0 65 46 16 0 60 15 80 0 21 15 25 0 0 0 65 0 17 28 0 59 
0 0 72 0 98 67 35 0 22 0 39 0 24 15 23 72 0 13 0 36 0 74 88 33 1 93 56 19 0 22 75 41 0 12 0 0 0 40 81 1 0 39 0 41 41 0 0 0 41 0 
0 0 37 23 46 94 36 32 0 100 3 0 52 0 93 67 0 0 0 51 58 33 68 59 83 60 78 47 70 16 64 0 35 0 0 0 25 77 58 96 55 0 38 12 93 31 15 60 0 
0 49 32 0 0 70 0 27 44 17 5 11 5 0 0 0 45 73 99 63 67 12 38 28 76 97 73 66 38 0 7 0 21 0 94 51 0 63 4 37 0 65 0 21 59 52 0 90 
19 84 84 40 76 0 42 33 96 54 1 49 0 74 92 0 47 89 53 94 48 34 41 60 0 55 7 12 54 63 17 0 87 59 9 0 69 0 0 3 80 28 32 31 54 0 7 
0 34 10 13 0 20 27 0 97 60 0 0 0 25 0 56 97 8 76 70 76 0 86 0 38 0 60 36 0 2 39 15 5 27 0 0 3 100 79 99 0 73 0 75 91 0 
42 3 73 0 87 0 13 85 74 0 12 55 99 50 79 94 0 96 96 77 98 55 73 0 57 0 0 94 0 48 53 0 13 40 77 69 0 100 0 63 53 25 1 0 64 
69 8 38 52 11 91 61 0 91 38 0 91 17 29 63 98 0 66 99 0 35 99 0 56 0 81 0 0 0 18 34 9 0 95 0 58 41 48 0 29 78 52 83 61 
57 68 75 0 1 0 57 0 0 54 48 0 19 7 44 43 0 0 26 84 0 51 41 24 0 81 63 26 2 39 0 46 13 22 65 5 32 25 77 33 9 0 0 
30 41 2 0 57 0 36 55 0 86 0 0 0 62 0 38 53 98 51 84 53 20 68 0 42 67 3 0 76 45 6 66 54 15 0 67 0 18 27 11 82 2 
86 0 56 39 24 73 17 44 0 95 66 0 50 88 83 35 0 0 54 58 61 0 85 14 99 18 0 79 29 100 39 99 0 34 16 0 98 84 83 8 40 
27 68 1 33 81 75 86 40 73 69 3 54 90 79 0 18 93 15 23 51 0 0 60 35 34 38 21 0 19 53 28 39 0 86 0 67 0 0 20 0 
70 30 5 58 26 82 0 74 5 7 0 90 44 0 0 21 67 93 73 7 18 54 42 1 42 0 0 0 0 36 17 1 93 70 22 62 0 69 0 
25 0 0 12 0 0 58 0 79 50 59 76 0 11 95 38 21 27 0 18 79 45 11 15 10 67 56 78 78 8 45 59 34 94 0 0 0 14 
0 72 0 87 9 53 2 0 33 0 42 76 0 42 99 11 80 14 0 86 62 0 38 39 20 0 19 50 82 49 0 4 0 82 82 28 0 
81 3 33 36 0 22 66 61 35 0 84 0 88 74 0 21 12 89 51 0 0 31 55 1 0 0 70 0 78 95 0 49 0 50 99 66 
19 18 67 8 89 81 95 0 67 84 11 0 82 93 0 57 0 76 12 23 93 35 0 33 38 24 0 74 89 76 56 37 91 44 60 
51 0 43 37 34 26 0 50 46 76 16 37 18 21 0 65 4 0 54 33 25 5 46 29 87 0 28 69 46 30 27 31 78 11 
21 0 93 55 17 6 0 0 54 54 49 0 55 0 83 0 0 77 0 10 49 0 5 70 32 1 68 0 21 56 0 10 0 
59 0 32 8 99 65 29 42 25 8 68 13 0 31 0 24 97 32 28 30 45 25 71 12 20 20 0 0 70 95 40 49 
0 45 95 37 0 0 0 43 11 19 60 93 100 100 97 0 2 0 99 95 0 47 64 18 5 0 86 67 75 91 47 
0 9 45 0 95 77 0 50 63 65 80 98 0 66 100 84 0 97 90 60 16 62 0 0 0 0 0 31 87 0 
84 6 0 72 0 0 2 38 0 0 0 92 0 0 89 0 5 99 0 85 0 68 0 0 69 38 0 6 67 
53 0 0 52 61 45 0 100 0 71 93 0 0 91 0 92 14 0 0 20 79 49 69 15 69 0 35 0 
54 66 62 41 14 49 0 74 52 37 0 6 0 0 60 68 42 67 93 18 21 0 1 3 13 89 62 
65 98 24 0 81 43 47 51 41 61 27 63 53 0 97 93 43 94 0 84 28 99 18 0 0 51 
38 82 0 10 80 41 0 100 0 59 69 92 38 100 68 0 0 32 63 27 23 0 30 0 88 
0 54 1 72 52 14 100 75 62 10 89 51 13 79 73 97 63 23 0 95 0 95 35 0 
77 51 15 0 5 0 50 0 22 91 28 98 84 31 52 12 0 0 16 23 0 0 36 
46 0 0 48 90 0 79 43 55 39 57 51 73 52 98 0 100 54 75 34 0 34 
84 0 11 0 16 22 42 0 75 0 38 8 0 0 23 39 94 0 27 11 17 
10 4 0 37 0 76 92 90 50 27 15 84 0 90 41 77 0 31 0 0 
10 39 73 0 30 60 0 0 0 0 34 32 0 0 38 34 73 0 81 
48 92 0 31 0 0 0 0 99 26 42 0 0 100 96 55 0 0 
0 98 0 11 58 0 89 90 51 0 44 0 86 93 15 89 28 
3 0 67 75 0 32 36 36 1 89 30 0 82 17 41 97 
53 28 55 71 38 27 1 13 81 81 29 0 11 5 91 
82 0 27 55 5 0 43 36 58 0 63 98 96 0 
0 38 58 46 77 100 15 26 57 63 22 41 3 
90 61 54 0 0 90 53 21 27 0 0 33 
0 0 10 82 65 88 58 34 62 0 19 
12 0 13 0 0 74 49 17 29 8 
93 0 80 0 57 40 26 3 76 
0 56 62 65 78 54 34 83 
40 76 26 42 38 0 1 
62 100 99 0 61 61 
26 13 63 36 49 
0 75 30 13 
96 52 57 
0 56 
10 

0
727
6 28 14 26 11 43 5 28 24 28 47 42 32 35 46 12 33 17 15 17 19 37 25 47 39 39 31 49 6 43 23 11 20 36 39 33 28 43 10 3 23 8 44 4 43 41 18 27 8 32 44 28 18 20 24 7 8 6 7 15 
