60
83 56 0 24 67 45 85 78 36 93 85 41 16 2 39 44 4 5 37 62 52 52 72 93 40 90 52 52 0 84 27 84 39 27 74 72 73 59 50 75 51 34 82 68 2 88 78 6 93 14 35 44 66 6 2 5 96 20 23 62 
50 0 43 82 0 31 95 0 0 34 0 0 0 0 41 51 0 0 8 0 71 95 96 67 19 0 42 72 100 71 0 20 19 42 75 41 9 9 59 7 0 94 89 0 0 81 31 45 37 0 16 26 41 0 16 23 2 0 95 
53 64 71 68 87 0 61 91 3 81 40 74 57 8 58 20 0 84 74 18 0 4 86 11 0 0 76 40 80 38 0 46 0 13 1 30 73 0 80 19 33 48 3 0 36 32 48 17 15 0 95 0 94 0 66 72 0 58 
0 75 0 79 11 58 0 72 13 0 24 22 0 16 39 43 60 35 48 36 54 0 35 30 21 10 0 0 40 0 22 21 57 71 0 0 56 48 15 0 0 0 32 0 0 8 70 45 39 0 0 49 70 62 0 0 75 
82 0 49 60 14 51 0 3 5 17 43 82 0 26 86 0 26 0 58 93 89 54 61 46 56 27 0 61 5 78 35 58 0 84 78 30 13 46 65 20 96 1 77 15 48 64 59 44 4 24 1 0 14 0 48 3 
80 0 0 0 19 0 5 0 70 51 69 43 30 0 0 41 55 0 0 7 4 1 0 20 95 46 0 71 66 77 69 32 23 76 77 2 59 57 58 46 9 78 65 34 21 0 90 0 88 77 50 97 3 0 26 
0 75 80 99 0 63 13 94 32 40 70 78 28 62 0 84 0 31 34 0 85 89 0 0 78 54 77 0 79 0 22 81 31 53 30 11 0 3 0 93 29 97 0 0 41 19 11 67 26 53 0 72 70 82 
0 85 95 33 55 96 12 0 98 0 0 50 80 42 2 6 98 0 61 88 0 88 35 6 61 91 58 78 69 0 0 0 38 31 89 32 0 87 36 0 37 0 50 0 40 52 17 54 62 66 55 0 9 
7 69 61 67 8 27 0 55 11 83 100 35 66 94 64 96 77 12 47 3 0 25 49 0 12 77 2 63 70 0 63 0 99 78 0 91 0 0 0 0 0 0 12 0 0 8 0 0 68 81 7 66 
52 65 4 53 2 95 23 45 66 26 0 77 87 64 63 21 0 49 56 15 0 7 10 98 99 0 91 34 87 22 42 99 1 14 61 0 76 0 83 0 79 33 99 33 48 20 0 36 71 5 65 
22 56 33 15 0 94 0 94 0 7 0 56 89 87 32 58 30 22 0 79 80 13 9 54 67 0 0 24 96 70 44 0 68 53 0 75 86 81 94 60 0 13 100 0 0 27 35 0 87 41 
29 55 30 75 15 0 76 0 11 0 93 56 88 32 33 76 53 22 67 74 56 44 70 93 97 0 90 52 41 75 33 39 5 15 49 56 18 22 48 54 4 53 14 2 4 19 97 97 40 
84 40 33 84 0 31 40 100 41 0 11 0 16 56 0 46 36 25 7 92 90 62 0 57 25 83 0 64 75 60 22 79 94 19 0 27 24 39 62 0 0 62 7 26 74 63 96 62 
19 66 0 85 0 34 8 87 19 55 0 0 58 17 77 38 86 10 62 0 77 69 61 59 44 0 100 0 14 21 62 98 23 59 45 16 67 48 0 75 68 0 63 2 55 23 0 
85 34 0 0 83 80 0 68 14 0 0 23 58 0 0 0 77 7 88 96 10 96 0 0 32 23 44 68 0 0 0 52 0 93 97 65 0 52 57 0 52 89 29 93 40 85 
27 31 83 52 12 10 0 0 29 28 0 46 0 28 0 20 11 67 0 31 24 27 55 90 82 2 7 0 37 99 0 63 58 37 78 0 76 0 55 27 35 0 16 76 29 
89 82 88 15 0 93 0 36 50 40 33 96 71 0 54 92 0 30 95 88 0 0 61 61 93 47 0 88 7 39 0 0 0 0 0 89 11 0 5 48 23 0 27 90 
5 61 56 53 76 0 0 32 0 0 12 71 91 0 43 0 0 49 78 0 80 97 0 15 40 54 0 73 67 93 91 69 0 0 0 13 57 39 36 35 99 19 33 
0 14 43 0 1 52 53 41 40 14 77 2 54 0 0 0 71 20 0 0 1 49 0 1 85 61 0 0 75 24 33 82 88 0 0 21 0 80 0 48 70 55 
0 0 33 0 1 74 34 66 0 2 0 0 49 35 0 44 96 39 90 14 76 60 54 8 67 24 42 28 63 69 0 79 5 20 69 64 38 90 61 0 14 
63 0 71 99 82 39 4 40 98 0 0 0 56 0 30 6 39 5 24 0 95 95 77 71 59 76 52 26 24 79 79 57 67 0 94 16 37 51 53 5 
31 31 79 58 57 7 51 98 0 15 62 75 0 52 29 76 60 61 38 23 69 69 20 77 73 0 65 56 25 58 0 62 0 0 0 39 81 67 80 
12 66 99 71 47 16 0 0 19 0 31 73 81 0 25 94 0 0 37 0 2 59 86 99 0 68 93 25 0 85 93 48 23 0 15 0 99 53 
0 71 26 17 2 35 0 96 0 63 18 38 87 89 78 66 25 69 0 61 0 0 99 0 0 73 93 0 90 39 0 92 7 76 0 53 37 
33 14 5 0 0 0 82 88 0 16 0 55 5 56 72 58 16 67 0 79 23 34 60 32 43 16 34 80 40 80 0 43 26 0 93 0 
37 53 13 13 0 55 73 0 0 5 97 39 0 35 71 45 53 2 0 55 0 0 0 1 0 79 49 3 0 100 67 0 0 94 29 
36 0 5 98 0 64 39 0 84 0 99 76 17 0 0 49 18 72 46 97 0 1 39 51 0 0 99 57 0 0 46 0 53 0 
2 0 10 11 93 47 75 77 17 45 0 84 68 33 75 66 0 34 0 45 13 1 81 95 15 98 29 11 0 79 82 40 0 
18 0 43 35 0 69 0 49 45 74 59 59 66 35 0 83 42 59 6 0 23 88 53 37 65 64 78 59 0 0 40 0 
8 2 18 76 10 13 0 66 73 82 18 8 0 33 0 23 0 0 79 26 66 0 0 0 0 69 0 0 0 70 21 
30 50 0 14 0 0 96 29 67 0 86 30 73 0 52 7 0 93 23 0 39 15 0 32 23 65 39 7 79 6 
69 36 85 36 98 65 30 31 12 0 0 36 0 76 0 67 12 0 48 34 33 0 0 3 0 19 25 52 0 
2 16 41 18 24 28 28 12 90 34 0 3 28 0 0 40 23 72 36 36 40 0 0 0 15 21 61 0 
95 92 0 86 80 27 61 19 83 93 81 96 90 16 70 20 38 0 36 17 0 89 25 29 6 51 89 
76 15 93 8 41 0 79 0 81 0 70 0 52 89 39 0 0 26 88 63 32 33 0 0 0 53 
17 57 70 6 0 62 27 61 0 74 49 0 0 23 0 5 21 0 17 32 74 0 46 21 59 
30 64 60 94 37 0 42 57 48 0 65 50 0 0 0 4 59 66 41 3 78 79 40 57 
0 81 61 53 11 0 0 20 0 28 85 0 92 35 89 88 10 84 52 92 57 0 34 
66 0 0 0 27 0 88 0 65 27 63 81 54 0 5 54 17 53 11 19 51 4 
53 0 3 92 0 20 22 30 21 0 75 64 4 16 0 0 6 31 0 89 49 
0 11 0 0 0 51 60 20 12 36 41 34 83 70 0 18 12 37 72 75 
36 0 21 52 0 30 0 82 33 14 0 84 0 1 46 48 38 76 0 
58 0 66 0 80 36 78 97 0 78 0 0 37 12 20 0 59 93 
19 8 82 30 3 24 54 41 65 0 0 13 0 29 3 39 38 
0 89 48 13 0 17 0 0 31 5 73 0 0 96 14 0 
0 70 75 41 63 99 60 63 0 51 85 47 65 66 91 
16 0 100 32 25 24 86 0 46 82 86 30 23 0 
88 5 62 39 0 4 48 86 35 0 91 51 74 
41 0 0 95 50 82 0 10 77 62 0 76 
0 29 39 0 0 0 73 0 80 92 0 
1 85 26 0 39 12 46 43 58 97 
5 0 0 19 12 4 21 71 58 
86 0 25 0 93 0 0 0 
0 74 37 3 0 0 59 
54 83 0 19 93 20 
0 45 0 0 40 
39 3 0 40 
25 24 27 
0 90 
9 

0
1445
39 37 32 50 12 10 46 48 27 35 24 46 16 35 44 25 34 26 34 39 32 22 43 28 18 30 29 40 9 2 11 49 38 42 50 1 3 48 50 32 32 25 27 50 10 20 24 45 47 7 33 28 30 27 5 49 7 36 41 17 
